Table 2
Groups of Surveyed Galaxies and ACIS Observations

Group	Galaxies	Number	Exposure	ObsID	Observation	OBSMJD	Exposure	Chips	bkgd^a	Number	
No.		of Obs.	Total (s)		Date		(s)	Used		of Sources	
1	NGC598	28	1572990	787	2000 Jan 11	51554.024	9657	6 7	0.03	5	
				1730	2000 Jul 12	51737.354	50063	0 1 2 3	1	73	
				786	2000 Aug 30	51786.010	46854	6 7	1	46	
				2023	2001 Jul 6	52096.963	89942	0 1 2 3	2	116	
				6378	2005 Sep 21	53634.011	111647	0 1 2 3	3	124	
				6380	2005 Sep 23	53636.839	90515	0 1 2 3	3	122	
				7170	2005 Sep 26	53639.275	41487	0 1 2 3	1	87	
				7171	2005 Sep 29	53642.191	38175	0 1 2 3	1	76	
				6384	2005 Oct 1	53644.921	22451	0 1 2 3	0.7	57	
				6386	2005 Oct 31	53674.388	15049	0 1 2 3	0.5	38	
				7196	2005 Nov 2	53676.331	23049	0 1 2 3	0.8	57	
				7197	2005 Nov 3	53677.078	12812	0 1 2 3	0.4	35	
				7198	2005 Nov 5	53679.333	22047	0 1 2 3	0.8	49	
				7199	2005 Nov 6	53680.090	15011	0 1 2 3	0.5	33	
				7208	2005 Nov 21	53695.995	11654	0 1 2 3	0.4	46	
				6382	2005 Nov 23	53697.543	73247	0 1 2 3	2	115	
				7226	2005 Nov 26	53700.202	25171	0 1 2 3	0.8	64	
				6376	2006 Mar 3	53797.886	94265	0 1 2 3	4	130	
				6388	2006 Jun 9	53895.957	98940	0 1 2 3	4	121	
				6383	2006 Jun 15	53901.266	99107	0 1 2 3	4	137	
				6387	2006 Jun 26	53912.075	78268	0 1 2 3	3	136	
				7344	2006 Jul 1	53917.079	21724	0 1 2 3	0.9	72	
				6379	2006 Sep 4	53982.935	54255	0 1 2 3	2	95	
				7402	2006 Sep 7	53985.603	45161	0 1 2 3	2	86	
				6381	2006 Sep 12	53990.388	100169	0 1 2 3	4	105	
				6385	2006 Sep 18	53996.165	91148	0 1 2 3	4	128	
				6377	2006 Sep 25	54003.738	94073	0 1 2 3	4	120	
				6389	2006 Nov 28	54067.546	97049	0 1 2 3	4	138	
	
2	NGC5457	26	1078280	934	2000 Mar 26	51629.015	99504	6 7	3	142	
				2779	2002 Oct 31	52578.728	14460	6 7	0.5	28	
				4731	2004 Jan 19	53023.248	56963	6 7	2	81	
				5296	2004 Jan 21	53025.444	3231	6 7	0.1	13	
				5297	2004 Jan 24	53028.065	21964	6 7	1	46	
				5300	2004 Mar 7	53071.395	52761	6 7	2	84	
				5309	2004 Mar 14	53078.070	71679	6 7	2	99	
				4732	2004 Mar 19	53083.344	70691	6 7	2	99	
				5322	2004 May 3	53128.323	65529	6 7	2	91	
				4733	2004 May 7	53132.562	25132	6 7	2	49	
				5323	2004 May 9	53134.133	43161	6 7	1	66	
				5337	2004 Jul 5	53191.780	10070	6 7	0.4	28	
				5338	2004 Jul 6	53192.561	28934	6 7	1	67	
				5339	2004 Jul 7	53193.558	14505	6 7	0.6	38	
				5340	2004 Jul 8	53194.464	55116	6 7	2	86	
				4734	2004 Jul 11	53197.072	35932	6 7	1	66	
				6114	2004 Sep 5	53253.767	67052	6 7	3	81	
				6115	2004 Sep 8	53256.762	36217	6 7	1	69	
				6118	2004 Sep 11	53259.636	11606	6 7	0.4	34	
				4735	2004 Sep 12	53260.541	29148	6 7	1	57	
				4736	2004 Nov 1	53310.780	78342	6 7	3	95	
				6152	2004 Nov 7	53316.283	44656	6 7	2	60	
				6170	2004 Dec 22	53361.054	48563	6 7	2	57	
				6175	2004 Dec 24	53363.693	41177	6 7	1	61	
				6169	2004 Dec 30	53369.091	29753	6 7	1	50	
				4737	2005 Jan 1	53371.605	22134	6 7	0.8	38	
	
3	PGC3589	21	127341	4698	2004 Apr 26	53121.357	6137	6 7	0.2	19	
				4699	2004 May 7	53132.195	6355	6 7	0.2	17	
				4700	2004 May 17	53142.436	6182	6 7	0.2	14	
				4701	2004 May 30	53155.929	6147	6 7	0.2	14	
				4702	2004 Jun 12	53168.598	5958	6 7	0.2	19	
				4703	2004 Jun 27	53183.840	5955	6 7	0.2	11	
				4704	2004 Jul 12	53198.048	5990	6 7	0.2	13	
				4705	2004 Jul 24	53210.328	5907	6 7	0.3	16	
				4706	2004 Aug 4	53221.465	6153	6 7	0.2	16	
				4707	2004 Aug 17	53234.204	5958	6 7	0.2	17	
				4708	2004 Aug 31	53248.241	5955	6 7	0.2	16	
				4709	2004 Sep 16	53264.159	6169	6 7	0.2	16	
				4710	2004 Oct 1	53279.453	5958	6 7	0.2	16	
				4711	2004 Oct 11	53289.607	5955	6 7	0.2	16	
				4712	2004 Oct 24	53302.065	6159	6 7	0.3	15	
				4713	2004 Nov 5	53314.104	6150	6 7	0.2	14	
				4714	2004 Nov 20	53329.784	6121	6 7	0.2	21	
				4715	2004 Dec 5	53344.279	5753	6 7	0.2	14	
				4716	2004 Dec 19	53358.367	6092	6 7	0.2	16	
				4717	2004 Dec 29	53368.992	6150	6 7	0.2	22	
				4718	2005 Jan 10	53380.173	6137	6 7	0.2	21	
	
4	NGC3031	19	241344	390	2000 Mar 21	51624.030	2409	6 7	0.08	24	
	PGC28757			735	2000 May 7	51671.231	50560	6 7	2	121	
				4751	2004 Feb 7	53042.455	5077	6 7	0.1	7	
				4752	2004 Mar 25	53089.419	5151	6 7	0.2	8	
				5935	2005 May 26	53516.158	11119	6 7	0.4	66	
				5936	2005 May 28	53518.830	11551	6 7	1	61	
				5937	2005 Jun 1	53522.356	12159	6 7	0.4	64	
				5938	2005 Jun 3	53524.951	11958	6 7	0.4	66	
				5939	2005 Jun 6	53527.637	11958	6 7	0.4	65	
				5940	2005 Jun 9	53530.288	12127	6 7	0.5	68	
				5941	2005 Jun 11	53532.891	11958	6 7	0.5	64	
				5942	2005 Jun 15	53536.062	12105	6 7	0.4	67	
				5943	2005 Jun 18	53539.482	12166	6 7	0.5	65	
				5944	2005 Jun 21	53542.223	11958	6 7	0.4	64	
				5945	2005 Jun 24	53545.254	11724	6 7	0.5	57	
				5946	2005 Jun 26	53547.905	12172	6 7	0.6	66	
				5947	2005 Jun 29	53550.566	10835	6 7	0.9	61	
				5948	2005 Jul 3	53554.066	12182	6 7	0.5	65	
				5949	2005 Jul 6	53557.327	12175	6 7	0.5	66	
	
5	NGC5204	13	120019	2028	2001 Jan 9	51918.956	10145	6 7	0.09	6	
				2029	2001 May 2	52031.795	9547	6 7	0.1	4	
				3933	2003 Aug 6	52857.249	48937	6 7	0.4	11	
				3934	2003 Aug 9	52860.400	5015	6 7	0.06	5	
				3935	2003 Aug 11	52862.799	4764	6 7	0.06	3	
				3936	2003 Aug 14	52865.691	4829	6 7	0.05	1	
				3937	2003 Aug 17	52868.326	4906	6 7	0.05	1	
				3938	2003 Aug 19	52870.978	5450	6 7	0.06	3	
				3939	2003 Aug 27	52878.721	5443	6 7	0.06	6	
				3940	2003 Sep 5	52887.675	5125	6 7	0.05	4	
				3941	2003 Sep 14	52896.487	5163	6 7	0.05	2	
				3942	2003 Sep 23	52905.398	5512	6 7	0.09	3	
				3943	2003 Oct 3	52915.980	5183	6 7	0.06	3	
	
6	NGC1399	11	430758	320	1999 Oct 18	51469.567	3510	0 1 2 3	0.6	21	
	NGC1389			624	1999 Dec 15	51527.005	44166	6 7	2	68	
	NGC1396			319	2000 Jan 18	51561.355	56659	6 7	7	182	
	NGC1404			239	2000 Jan 19	51562.028	3644	0 1 2 3	0.2	28	
	PGC13449			2942	2003 Feb 13	52683.001	29619	6 7	1	52	
	PGC13452			4169	2003 May 21	52780.505	45886	0 1 2 3	2	85	
				4171	2003 May 23	52782.618	45545	0 1 2 3	2	63	
				4172	2003 May 26	52785.291	45092	0 1 2 3	3	165	
				4174	2003 May 28	52787.924	46273	0 1 2 3	10	148	
				4175	2003 May 29	52788.480	63728	0 1 2 3	7	61	
				4176	2003 May 31	52790.553	46636	0 1 2 3	3	108	
	
7	NGC5128	10	737657	316	1999 Dec 5	51517.901	36182	0 1 2 3	1	149	
				962	2000 May 17	51681.957	36972	0 1 2 3	1	162	
				2978	2002 Sep 3	52520.114	45182	6 7	3	134	
				3965	2003 Sep 14	52896.573	50173	6 7	3	139	
				7797	2007 Mar 22	54181.376	98170	0 1 2 3	5	257	
				7798	2007 Mar 27	54186.413	92042	0 1 2 3	4	215	
				7799	2007 Mar 30	54189.107	96037	0 1 2 3	4	217	
				7800	2007 Apr 17	54207.626	92045	0 1 2 3	4	264	
				8489	2007 May 8	54228.780	95179	0 1 2 3	4	249	
				8490	2007 May 30	54250.094	95675	0 1 2 3	4	263	
	
8	NGC3034	9	238482	361	1999 Sep 20	51441.474	33680	0 1 2 3	1	88	
				1302	1999 Sep 20	51441.883	15708	0 1 2 3	0.5	68	
				378	1999 Dec 30	51542.078	4169	0 1 2 3	0.1	26	
				379	2000 Mar 11	51614.832	9046	0 1 2 3	0.3	46	
				380	2000 May 7	51671.839	5065	0 1 2 3	0.1	30	
				2933	2002 Jun 18	52443.784	18255	6 7	0.6	47	
				6097	2005 Feb 4	53405.982	58188	7	17	11	
				5644	2005 Aug 17	53599.038	75131	7	20	14	
				6361	2005 Aug 18	53600.664	19240	7	6	34	
	
9	NGC4278	7	478398	398	2000 Apr 20	51654.614	1544	6 7	0.05	5	
	NGC4283			4741	2005 Feb 3	53404.501	37942	6 7	1	104	
				7077	2006 Mar 16	53810.591	111718	6 7	4	169	
				7078	2006 Jul 25	53941.422	52092	6 7	2	102	
				7079	2006 Oct 24	54032.671	106419	6 7	4	143	
				7081	2007 Feb 20	54151.670	112143	6 7	5	156	
				7080	2007 Apr 20	54210.529	56540	6 7	2	115	
	
10	NGC4038	7	425177	315	1999 Dec 1	51513.227	73171	6 7	3	93	
	NGC4039			3040	2001 Dec 29	52272.660	69932	6 7	3	75	
				3043	2002 Apr 18	52382.606	67961	6 7	3	90	
				3042	2002 May 31	52425.460	68140	6 7	2	86	
				3044	2002 Jul 10	52465.029	36963	6 7	1	62	
				3718	2002 Jul 13	52468.614	35164	6 7	1	70	
				3041	2002 Nov 22	52600.592	73846	6 7	2	75	
	
11	NGC4696	7	296801	504	2000 May 22	51686.023	32121	6 7	6	32	
				505	2000 Jun 8	51703.036	10083	6 7	2	16	
				4190	2003 Apr 18	52747.544	34719	6 7	6	25	
				4191	2003 Apr 18	52747.960	34471	6 7	5	21	
				4954	2004 Apr 1	53096.584	90195	6 7	21	43	
				4955	2004 Apr 2	53097.645	45254	6 7	12	30	
				5310	2004 Apr 4	53099.181	49958	6 7	11	33	
	
12	NGC821	7	229737	4408	2002 Nov 26	52604.704	25275	7	5	12	
				4006	2002 Dec 1	52609.055	13684	7	1	12	
				5692	2004 Dec 4	53343.933	27955	6 7	1	38	
				6314	2005 Jun 20	53541.449	40129	6 7	1	41	
				6310	2005 Jun 21	53542.386	32438	6 7	1	32	
				6313	2005 Jun 22	53543.516	50133	6 7	2	51	
				5691	2005 Jun 23	53544.760	40123	6 7	1	37	
	
13	NGC1637	7	214923	763	1999 Nov 1	51483.927	29654	6 7	1	21	
				764	1999 Nov 13	51495.693	26557	6 7	6	21	
				765	1999 Dec 16	51528.704	35772	6 7	1	54	
				766	2000 Feb 7	51581.474	38944	6 7	1	34	
				1968	2000 Oct 30	51847.056	26758	6 7	0.8	40	
				1969	2001 Mar 6	51974.153	27072	6 7	0.8	39	
				1970	2001 Jul 22	52112.849	30166	6 7	1	31	
	
14	NGC1365	7	105373	3554	2002 Dec 24	52632.623	14796	6 7	0.5	41	
				6871	2006 Apr 10	53835.293	13862	6 7	0.4	18	
				6872	2006 Apr 12	53837.522	15164	6 7	0.4	21	
				6873	2006 Apr 14	53839.977	15182	6 7	0.4	23	
				6868	2006 Apr 17	53842.795	15151	6 7	0.4	22	
				6869	2006 Apr 20	53845.417	16124	6 7	0.4	26	
				6870	2006 Apr 23	53848.420	15094	6 7	0.4	28	
	
15	NGC1313	7	70598	2950	2002 Oct 13	52560.838	20156	6 7	0.6	35	
				3550	2002 Nov 9	52587.802	14758	0 1 2 3	0.6	54	
				3551	2003 Oct 2	52914.408	15017	0 1 2 3	0.4	41	
				4747	2003 Nov 17	52960.252	5405	6 7	0.2	9	
				4748	2004 Feb 22	53057.113	5166	6 7	0.2	13	
				4750	2004 Feb 22	53057.184	4759	6 7	0.1	4	
				4749	2004 Mar 10	53074.203	5337	6 7	0.2	5	
	
16	NGC3384	6	351397	1587	2001 Feb 13	51953.064	31923	6 7	0.8	76	
	NGC3379			4692	2004 Oct 19	53297.790	10034	6 7	0.3	22	
				7073	2006 Jan 23	53758.244	85177	6 7	3	103	
				7074	2006 Apr 9	53834.441	69951	6 7	3	89	
				7075	2006 Jul 3	53919.461	84175	6 7	3	104	
				7076	2007 Jan 10	54110.077	70137	6 7	3	89	
	
17	NGC4365	6	198371	2015	2001 Jun 2	52062.939	40953	6 7	1	135	
				5921	2005 Apr 28	53488.662	40033	6 7	2	130	
				5922	2005 May 9	53499.042	40036	6 7	2	109	
				5923	2005 Jun 14	53535.578	40089	6 7	2	110	
				5924	2005 Nov 25	53699.485	27124	6 7	1	96	
				7224	2005 Nov 26	53700.033	10136	6 7	0.4	41	
	
18	NGC2146	6	58801	3131	2002 Aug 30	52516.236	9395	6 7	0.2	26	
				3132	2002 Sep 20	52537.462	9644	6 7	0.3	31	
				3133	2002 Oct 9	52556.226	9958	6 7	1	26	
				3134	2002 Oct 27	52574.141	9699	6 7	0.3	36	
				3135	2002 Nov 16	52594.660	10147	6 7	0.3	35	
				3136	2002 Dec 5	52613.520	9958	6 7	0.3	31	
	
19	NGC2403	5	224010	2014	2001 Apr 17	52016.179	36051	6 7	2	51	
				4627	2004 Aug 9	53226.292	45123	7	2	9	
				4628	2004 Aug 23	53240.414	47119	6 7	2	66	
				4629	2004 Oct 3	53281.675	45142	6 7	2	67	
				4630	2004 Dec 22	53361.634	50575	6 7	2	63	
	
20	NGC6946	5	174787	1043	2001 Sep 7	52159.027	59036	6 7	2	93	
				4404	2002 Nov 25	52603.360	30335	6 7	1	75	
				4631	2004 Oct 22	53300.231	30121	6 7	1	55	
				4632	2004 Nov 6	53315.033	28339	6 7	1	59	
				4633	2004 Dec 3	53342.533	26956	6 7	1	60	
	
21	NGC720	5	140641	492	2000 Oct 12	51829.878	40124	6 7	2	86	
				7372	2006 Aug 6	53953.378	50034	6 7	2	93	
				7062	2006 Oct 9	54017.873	23160	6 7	1	65	
				8449	2006 Oct 12	54020.013	19161	6 7	0.8	63	
				8448	2006 Oct 12	54020.937	8162	6 7	0.4	35	
	
22	NGC3877	5	121579	767	2000 Jan 10	51553.766	19158	6 7	0.7	45	
				768	2000 Mar 7	51610.807	23753	6 7	0.8	45	
				952	2000 Aug 1	51757.286	20025	6 7	0.5	50	
				1971	2001 Jan 14	51923.811	29552	6 7	0.8	52	
				1972	2001 Oct 17	52199.127	29091	6 7	1	49	
	
23	NGC4395	5	112443	402	2000 Apr 17	51651.417	1260	6 7	0.04	8	
				882	2000 Jun 20	51715.128	17187	7	2	17	
				5301	2004 Apr 10	53105.113	29730	7	1	3	
				5302	2004 Apr 11	53106.045	31121	7	2	2	
				5014	2004 Aug 7	53224.672	33145	0 1 2 3	1	70	
	
24	NGC5194	5	92872	414	2000 Jan 23	51566.259	1152	6 7	0.04	12	
	NGC5195			353	2000 Mar 21	51624.717	905	7	0.1	4	
				354	2000 Jun 20	51715.336	15056	6 7	0.4	79	
				1622	2001 Jun 23	52083.783	27152	6 7	0.9	98	
				3932	2003 Aug 7	52858.605	48607	6 7	2	110	
	
25	NGC4636	4	212589	324	1999 Dec 4	51516.992	8503	0 1 2 3	0.7	41	
				323	2000 Jan 26	51569.389	53049	6 7	3	135	
				3926	2003 Feb 14	52684.229	75689	0 1 2 3	3	193	
				4415	2003 Feb 15	52685.122	75348	0 1 2 3	3	192	
	
26	NGC253	4	144008	969	1999 Dec 16	51528.508	14166	6 7	0.5	66	
				790	1999 Dec 27	51539.097	44080	6 7	5	76	
				383	2000 Aug 16	51772.284	2156	6 7	0.07	31	
				3931	2003 Sep 19	52901.536	83606	6 7	3	117	
	
27	NGC4374	4	118677	401	2000 Apr 20	51654.672	1709	6 7	0.07	10	
				803	2000 May 19	51683.334	28841	6 7	1	83	
				5908	2005 May 1	53491.167	46675	6 7	2	83	
				6131	2005 Nov 7	53681.476	41452	6 7	3	86	
	
28	NGC1550	4	110057	3186	2002 Jan 8	52282.733	10115	0 1 2 3	0.4	20	
				3187	2002 Jan 8	52282.862	9774	0 1 2 3	0.5	25	
				5800	2005 Oct 22	53665.629	45132	6 7	2	36	
				5801	2005 Oct 24	53667.763	45036	6 7	4	34	
	
29	NGC3628	4	105496	395	1999 Nov 3	51485.309	1776	6 7	0.07	11	
				2039	2000 Dec 2	51880.263	58704	6 7	2	71	
				2918	2002 Apr 6	52370.281	22252	6 7	0.6	24	
				2919	2002 Jul 4	52459.957	22764	6 7	0.7	29	
	
30	NGC628	4	104269	2057	2001 Jun 19	52079.794	46947	6 7	1	70	
				2058	2001 Oct 19	52201.173	46761	6 7	2	74	
				4753	2003 Nov 20	52963.176	5403	6 7	0.2	12	
				4754	2003 Dec 29	53002.547	5158	6 7	0.1	7	
	
31	PGC50779	4	34645	355	2000 Jan 16	51559.430	1335	6 7	0.06	11	
				365	2000 Mar 14	51617.252	5484	7	0.5	12	
				356	2000 Mar 14	51617.325	23372	6 7	0.8	54	
				2454	2001 May 2	52031.669	4454	6 7	0.1	20	
	
32	NGC5253	3	193967	2032	2001 Jan 13	51922.943	57353	6 7	2	55	
				7153	2005 Dec 12	53716.348	69123	6 7	3	59	
				7154	2006 May 20	53875.156	67491	6 7	3	54	
	
33	NGC3351	3	119973	5929	2005 Feb 8	53409.195	39958	6 7	1	41	
				5930	2005 May 8	53498.561	39955	6 7	2	45	
				5931	2005 Jul 1	53552.216	40060	6 7	1	47	
	
34	IC10	3	117158	3953	2003 Mar 12	52710.507	29896	6 7	0.7	33	
				7082	2006 Nov 2	54041.510	43135	6 7	2	46	
				8458	2006 Nov 4	54043.982	44127	6 7	2	51	
	
35	NGC4594	3	106736	407	1999 Dec 20	51532.600	1947	7	0.3	10	
				1586	2001 May 31	52060.165	18752	6 7	0.6	136	
				9532	2008 Apr 29	54585.830	86037	0 1 2 3	4	313	
	
36	NGC4490	3	98871	1579	2000 Nov 3	51851.059	19772	6 7	0.6	50	
	NGC4485			4725	2004 Jul 29	53215.864	38959	6 7	1	64	
				4726	2004 Nov 20	53329.272	40140	6 7	1	59	
	
37	NGC4214	3	83278	2030	2001 Oct 16	52198.800	26761	6 7	0.8	39	
				4743	2004 Apr 3	53098.193	27558	6 7	1	38	
				5197	2004 Jul 30	53216.333	28959	6 7	0.9	28	
	
38	IC342	3	78938	2916	2002 Apr 29	52393.613	9883	6 7	0.1	3	
				2917	2002 Aug 26	52512.436	10512	6 7	0.1	2	
				7069	2006 Nov 12	54051.601	58543	6 7	2	56	
	
39	NGC45	3	65927	6184	2005 Jan 12	53382.603	24956	6 7	0.8	19	
				6185	2005 Jan 13	53383.903	6092	6 7	0.2	8	
				4690	2005 Jan 16	53386.209	34879	6 7	1	21	
	
40	NGC1068	3	61212	343	1999 Dec 9	51521.861	517	7	0.3	1	
				344	2000 Feb 21	51595.659	48054	6 7	2	77	
				370	2000 Feb 22	51596.244	12641	7	6	17	
	
41	NGC4472	3	55747	322	2000 Mar 19	51622.511	10496	0 1 2 3	0.4	67	
	NGC4467			321	2000 Jun 12	51707.076	40096	6 7	3	167	
				8107	2007 Apr 28	54218.760	5155	6 7	0.4	13	
	
42	NGC4258	3	43079	350	2000 Apr 17	51651.453	14224	6 7	0.4	65	
				1618	2001 May 28	52057.890	21209	6 7	0.6	74	
				2340	2001 May 29	52058.151	7646	7	0.8	8	
	
43	NGC4151	3	36159	347	1999 Dec 4	51516.470	1247	7	0.2	3	
				372	2000 Mar 6	51609.561	6864	7	0.8	10	
				348	2000 Mar 7	51610.453	28048	6 7	0.9	57	
	
44	NGC4314	3	34480	399	2000 Jul 7	51732.174	1952	6 7	0.06	5	
				2062	2001 Apr 2	52001.814	16279	6 7	3	27	
				2063	2001 Jun 22	52082.825	16249	6 7	0.5	39	
	
45	NGC4559	3	23832	2026	2001 Jan 14	51923.684	9725	6 7	0.2	10	
				2027	2001 Jun 4	52064.052	11106	6 7	0.2	11	
				2686	2002 Mar 14	52347.218	3001	6 7	0.09	17	
	
46	NGC891	2	171961	794	2000 Nov 1	51849.775	51558	6 7	2	65	
				4613	2003 Dec 10	52983.379	120403	6 7	4	104	
	
47	NGC2681	2	161938	2060	2001 Jan 30	51939.026	81932	6 7	3	69	
				2061	2001 May 2	52031.923	80006	6 7	2	79	
	
48	IC5332	2	108767	2066	2001 May 2	52031.035	52812	6 7	1	64	
				2067	2001 Jul 10	52100.966	55955	6 7	2	65	
	
49	NGC1569	2	108153	782	2000 Apr 11	51645.004	98000	7	15	45	
				4745	2004 Jan 10	53014.988	10153	6 7	0.3	22	
	
50	PGC14617	2	92306	3870	2003 Mar 24	52722.494	51119	6 7	2	46	
				3871	2003 Jun 22	52812.293	41187	6 7	2	31	
	
51	NGC1387	2	91418	4168	2003 May 20	52779.956	46236	0 1 2 3	2	106	
	NGC1382			4170	2003 May 24	52783.157	45182	0 1 2 3	2	79	
	PGC13343										
	
52	NGC4013	2	85074	4013	2003 Mar 16	52714.715	4959	6 7	0.1	13	
				4739	2004 Feb 3	53038.397	80115	6 7	2	70	
	
53	NGC3683	2	78977	4659	2004 Apr 7	53102.260	40172	6 7	1	61	
				4660	2004 Jun 6	53162.716	38805	6 7	1	50	
	
54	NGC1291	2	76671	795	2000 Jun 27	51722.917	39670	6 7	1	83	
				2059	2000 Nov 7	51855.228	37001	6 7	3	73	
	
55	NGC278	2	76495	2055	2001 Jun 22	52082.353	38748	6 7	1	61	
				2056	2001 Oct 18	52200.716	37747	6 7	1	57	
	
56	NGC1332	2	75775	2915	2002 Sep 18	52535.122	18515	6 7	1	34	
	NGC1331			4372	2002 Sep 19	52536.444	57260	6 7	2	108	
	PGC12827										
	
57	NGC55	2	69807	2255	2001 Sep 11	52163.267	60118	0 1 2 3	2	156	
				4744	2004 Jun 29	53185.075	9689	0 1 2 3	0.3	39	
	
58	NGC3184	2	66697	804	2000 Jan 8	51551.036	42662	6 7	1	75	
				1520	2000 Feb 3	51577.446	24035	6 7	0.8	56	
	
59	IC2560	2	65627	1592	2000 Oct 29	51846.918	9952	6 7	0.3	21	
				4908	2004 Feb 16	53051.846	55675	6 7	2	32	
	
60	NGC4565	2	62853	404	2000 Jun 30	51725.130	2892	6 7	0.1	13	
				3950	2003 Feb 8	52678.799	59961	6 7	2	89	
	
61	NGC1052	2	62353	385	2000 Aug 29	51785.966	2395	6 7	0.07	6	
				5910	2005 Sep 18	53631.411	59958	6 7	2	84	
	
62	NGC5236	2	61603	793	2000 Apr 29	51663.580	51632	6 7	2	139	
				2064	2001 Sep 4	52156.999	9971	6 7	0.6	50	
	
63	NGC7090	2	57432	7060	2005 Dec 18	53722.228	26412	6 7	1	43	
				7252	2006 Apr 10	53835.853	31020	6 7	2	45	
	
64	NGC3256	2	55727	835	2000 Jan 5	51548.064	28148	6 7	1	38	
				3569	2003 May 23	52782.143	27579	6 7	0.8	58	
	
65	NGC4736	2	52227	808	2000 May 13	51677.133	49795	7	7	48	
				410	2000 Jun 24	51719.583	2432	6 7	0.02	10	
	
66	NGC7424	2	47922	3495	2002 May 21	52415.983	23734	6 7	0.7	38	
				3496	2002 Jun 11	52436.252	24188	6 7	0.7	38	
	
67	NGC4406	2	47881	318	2000 Apr 7	51641.318	14819	6 7	1	28	
				5912	2005 Mar 9	53438.238	33062	0 1 2 3	2	55	
	
68	NGC4569	2	41359	405	2000 Feb 17	51591.101	1712	6 7	0.07	11	
	IC3583			5911	2005 Nov 13	53687.731	39647	6 7	2	53	
	
69	NGC4136	2	38712	2920	2002 Mar 7	52340.703	18751	6 7	0.5	29	
				2921	2002 Jun 8	52433.908	19961	6 7	0.5	21	
	
70	NGC4579	2	38588	406	2000 Feb 23	51597.996	2945	7	0.5	1	
				807	2000 May 2	51666.685	35643	7	4	27	
	
71	NGC5866	2	36658	1624	2002 Jan 10	52284.738	2478	7	0.1	1	
				2879	2002 Nov 14	52592.109	34180	6 7	1	74	
	
72	NGC2787	2	32405	388	2000 Jan 7	51550.996	1164	6 7	0.03	4	
				4689	2004 May 18	53143.076	31241	6 7	1	43	
	
73	NGC5055	2	30803	413	2000 Apr 15	51649.128	2448	6 7	0.08	23	
				2197	2001 Aug 27	52148.093	28355	6 7	1	83	
	
74	NGC2841	2	30351	389	1999 Dec 20	51532.476	1772	6 7	0.06	8	
				6096	2004 Dec 18	53357.206	28579	6 7	1	64	
	
75	NGC4494	2	26934	403	1999 Dec 20	51532.522	1779	6 7	0.06	9	
				2079	2001 Aug 5	52126.417	25155	6 7	1	41	
	
76	NGC4725	2	26735	409	1999 Dec 20	51532.561	1776	6 7	0.07	11	
				2976	2002 Dec 2	52610.660	24959	6 7	0.7	53	
	
77	NGC404	2	25925	870	1999 Dec 19	51531.884	24169	6 7	0.9	43	
				384	2000 Aug 30	51786.568	1756	6 7	0.06	8	
	
78	NGC4501	2	22761	3324	2002 Jul 21	52476.852	4662	6 7	0.2	10	
				2922	2002 Dec 9	52617.039	18099	6 7	0.8	51	
	
79	NGC1058	2	22147	387	2000 Mar 20	51623.701	2438	6 7	0.08	3	
				9579	2007 Aug 29	54341.066	19709	0 1 2 3	0.8	52	
	
80	NGC7582	2	19564	436	2000 Oct 14	51831.713	13619	6 7	0.9	25	
				2319	2000 Oct 15	51832.558	5945	6 7	0.2	14	
	
81	NGC6503	2	15400	872	2000 Mar 23	51626.322	13359	6 7	0.5	26	
				1640	2000 Oct 27	51844.994	2041	6 7	0.1	8	
	
82	NGC5953	2	14914	2930	2002 Jun 11	52436.009	10159	6 7	0.3	14	
	NGC5954			4023	2002 Dec 29	52637.521	4755	6 7	0.2	10	
	PGC55478										
	
83	PGC48179	2	14360	6321	2005 Jul 4	53555.487	7180	6 7	0.1	14	
				6322	2005 Jul 4	53555.574	7180	6 7	0.08	16	
	
84	NGC1097	2	11740	2339	2001 Jan 28	51937.496	6332	7	0.7	11	
	NGC1097A			1611	2001 Jan 28	51937.577	5408	6 7	0.1	33	
	
85	NGC5506	2	9738	357	2000 Jun 2	51697.741	785	7	0.09	1	
	NGC5507			358	2000 Aug 14	51770.303	8953	6 7	0.3	17	
	
86	NGC3458	2	9516	1691	2001 Jul 6	52096.108	4758	0 1 2 3	0.1	16	
				1692	2001 Jul 6	52096.172	4758	0 1 2 3	0.1	12	
	
87	NGC4309	2	8700	7122	2006 Nov 13	54052.649	3353	6 7	0.1	9	
				8105	2007 Nov 12	54416.688	5347	6 7	0.2	15	
	
88	NGC660	2	7068	1633	2001 Jan 28	51937.065	1939	6 7	0.07	4	
				4010	2003 Feb 12	52682.922	5129	6 7	0.1	11	
	
89	NGC3368	2	6367	2260	2000 Nov 4	51852.935	4355	0 1 2 3	0.2	16	
				391	2000 Nov 20	51868.191	2012	6 7	0.06	11	
	
90	NGC1055	2	6249	386	2000 Jan 29	51572.185	1152	6 7	0.2	4	
				4011	2003 Feb 26	52696.499	5097	6 7	0.1	10	
91	NGC4419	2	6028	4016	2003 Nov 22	52965.032	902	6 7	0.04	2	
				5283	2004 Jan 30	53034.158	5126	6 7	0.2	9	
	
92	NGC672	2	3926	1634	2001 Feb 7	51947.236	1744	6 7	0.06	3	
	IC1727			7090	2006 Sep 30	54008.074	2182	6 7	0.08	3	
	
93	NGC3631	1	90207	3951	2003 Jul 5	52825.035	90207	6 7	3	107	
	
94	NGC5879	1	90124	2241	2001 Jun 10	52070.987	90124	6 7	3	77	
	
95	NGC4217	1	73660	4738	2004 Feb 19	53054.266	73660	6 7	2	57	
	
96	NGC1427A	1	66327	3949	2003 Oct 21	52933.818	66327	6 7	3	42	
	
97	NGC4125	1	65084	2071	2001 Sep 9	52161.293	65084	6 7	2	84	
	NGC4121										
	
98	NGC625	1	61125	4746	2004 Mar 20	53084.583	61125	7	6	28	
	
99	IC1459	1	60166	2196	2001 Aug 12	52133.984	60166	6 7	2	74	
	
100	NGC7715	1	60148	4800	2004 Jan 24	53028.858	60148	6 7	2	50	
	NGC7714										
	
101	NGC3556	1	60124	2025	2001 Sep 8	52160.581	60124	6 7	2	80	
	
102	NGC4631	1	59974	797	2000 Apr 16	51650.705	59974	6 7	2	54	
	NGC4627										
	
103	NGC5775	1	58959	2940	2002 Apr 5	52369.571	58959	6 7	2	90	
	NGC5774										
	
104	NGC3898	1	58175	4740	2005 Feb 10	53411.850	58175	6 7	2	63	
	
105	NGC1705	1	57673	3930	2003 Sep 12	52894.203	57673	6 7	2	51	
	
106	IC5267	1	55673	3947	2003 Aug 13	52864.979	55673	6 7	2	66	
	
107	NGC4552	1	55139	2072	2001 Apr 22	52021.459	55139	6 7	2	154	
	
108	NGC3077	1	54141	2076	2001 Mar 7	51975.785	54141	7	5	34	
	
109	NGC1427	1	51695	4742	2005 May 1	53491.832	51695	6 7	2	78	
	
110	NGC2110	1	50439	883	2000 Apr 22	51656.541	50439	7	3	6	
	
111	NGC2992	1	50179	3956	2003 Feb 16	52686.735	50179	6 7	2	45	
	NGC2993										
	
112	NGC7172	1	50166	905	2000 Jul 2	51727.320	50166	0 1 2 3	1	128	
	NGC7173										
	NGC7174										
	
113	NGC520	1	49961	2924	2003 Jan 29	52668.195	49961	6 7	2	48	
	
114	IC1613	1	49955	5905	2005 Sep 4	53617.992	49955	6 7	2	45	
	
115	NGC4244	1	49846	942	2000 May 20	51684.533	49846	6 7	1	46	
	
116	NGC4945	1	49750	864	2000 Jan 27	51570.792	49750	6 7	5	38	
	
117	NGC7793	1	49564	3954	2003 Sep 6	52888.972	49564	6 7	1	52	
	
118	NGC1407	1	49196	791	2000 Aug 16	51772.332	49196	6 7	2	170	
	
119	NGC5813	1	49038	5907	2005 Apr 2	53462.282	49038	6 7	2	82	
	
120	NGC3310	1	48231	2939	2003 Jan 25	52664.015	48231	6 7	1	42	
	
121	NGC2434	1	47305	2923	2002 Oct 24	52571.808	47305	6 7	3	43	
	
122	NGC1800	1	46742	4062	2003 May 10	52769.914	46742	6 7	2	46	
	PGC16744										
	
123	NGC2300	1	46171	4968	2004 Jun 23	53179.847	46171	6 7	3	64	
	NGC2276										
	
124	NGC4526	1	44106	3925	2003 Nov 14	52957.268	44106	6 7	1	79	
	
125	NGC1808	1	43427	3012	2002 Dec 19	52627.306	43427	6 7	1	71	
	
126	NGC4382	1	40256	2016	2001 May 29	52058.607	40256	6 7	1	96	
	PGC40512										
	
127	NGC1672	1	40156	5932	2006 Apr 30	53855.546	40156	6 7	2	59	
	
128	NGC3377	1	40150	2934	2003 Jan 6	52645.349	40150	6 7	1	51	
	
129	NGC4697	1	39763	784	2000 Jan 15	51558.689	39763	6 7	1	98	
	
130	NGC3507	1	39756	3149	2002 Mar 8	52341.155	39756	6 7	1	52	
	
131	NGC7541	1	39475	7070	2006 Oct 30	54038.687	39475	6 7	2	51	
	NGC7537										
	
132	NGC4457	1	39382	3150	2002 Dec 3	52611.502	39382	6 7	1	67	
	
133	NGC3607	1	39004	2073	2001 Jun 12	52072.050	39004	0 1 2 3	1	134	
	NGC3605										
	NGC3608										
	
134	IC3259	1	38751	4687	2005 Feb 11	53412.544	38751	6 7	1	47	
	IC3256										
	IC3260										
	
135	NGC4649	1	38604	785	2000 Apr 20	51654.149	38604	6 7	1	205	
	NGC4647										
	
136	NGC4321	1	38351	6727	2006 Feb 18	53784.728	38351	6 7	1	75	
	
137	NGC3557	1	37990	3217	2002 Nov 28	52606.209	37990	0 1 2 3	1	109	
	NGC3564										
	
138	NGC3115	1	37452	2040	2001 Jun 14	52074.439	37452	6 7	1	91	
	
139	NGC5347	1	37407	4867	2004 Jun 5	53161.474	37407	6 7	2	32	
	
140	NGC5746	1	37289	3929	2003 Apr 11	52740.588	37289	0 1 2 3	1	119	
	
141	PGC40372	1	36137	5913	2005 Mar 19	53448.278	36137	0 1 2 3	1	55	
	
142	NGC3585	1	35753	2078	2001 Jun 3	52063.436	35753	6 7	1	73	
	
143	NGC4261	1	35184	834	2000 May 6	51670.107	35184	6 7	1	63	
	NGC4264										
	
144	NGC5102	1	34661	2949	2002 May 21	52415.365	34661	6 7	1	48	
	
145	NGC1553	1	34166	783	2000 Jan 2	51545.744	34166	6 7	2	69	
	
146	NGC5170	1	33455	3928	2003 May 18	52777.519	33455	0 1 2 3	0.9	88	
	
147	NGC1199	1	32171	8172	2006 Nov 23	54062.866	32171	6 7	1	39	
	NGC1189										
	NGC1190										
	
148	NGC4698	1	30401	3008	2002 Jun 16	52441.627	30401	6 7	0.9	28	
	
149	NGC1316	1	30233	2022	2001 Apr 17	52016.622	30233	6 7	2	93	
	
150	PGC20551	1	30159	4866	2003 Dec 26	52999.250	30159	6 7	0.8	57	
	
151	NGC7331	1	30131	2198	2001 Jan 27	51936.696	30131	6 7	0.9	66	
	
152	NGC2782	1	29961	3014	2002 May 17	52411.701	29961	6 7	0.9	53	
	
153	NGC4473	1	29958	4688	2005 Feb 26	53427.889	29958	6 7	1	61	
	
154	NGC2865	1	29878	2020	2001 Mar 17	51985.950	29878	6 7	0.9	48	
	
155	NGC1482	1	28556	2932	2002 Feb 5	52310.082	28556	6 7	0.8	27	
	NGC1481										
	
156	NGC6822	1	28485	2925	2002 Nov 4	52582.520	28485	0 1 2 3	1	62	
	
157	NGC4303	1	28377	2149	2001 Aug 7	52128.921	28377	6 7	0.9	58	
	
158	NGC4449	1	26937	2031	2001 Feb 4	51944.744	26937	6 7	0.7	49	
	
159	NGC3079	1	26918	2038	2001 Mar 7	51975.325	26918	6 7	0.8	64	
	
160	NGC4438	1	25404	2883	2002 Jan 29	52303.725	25404	6 7	1	48	
	NGC4435										
	
161	NGC4651	1	25398	2096	2001 Jun 2	52062.633	25398	6 7	0.7	24	
	
162	NGC4621	1	25155	2068	2001 Aug 1	52122.081	25155	6 7	0.8	75	
	
163	NGC6868	1	23770	3191	2002 Nov 1	52579.586	23770	0 1 2 3	0.9	63	
	NGC6870										
	
164	NGC6861	1	23113	3190	2002 Jul 26	52481.739	23113	0 1 2 3	0.9	65	
	
165	NGC3923	1	21379	1563	2001 Jun 14	52074.893	21379	6 7	0.7	59	
	
166	NGC5044	1	20726	798	2000 Mar 19	51622.655	20726	6 7	2	29	
	
167	NGC4388	1	20230	1619	2001 Jun 8	52068.188	20230	6 7	0.9	28	
	
168	NGC3190	1	20064	2760	2002 Mar 14	52347.274	20064	6 7	0.6	40	
	
169	PGC24175	1	20016	2075	2001 Mar 23	51991.203	20016	7	2	24	
	
170	NGC3955	1	19958	2955	2002 Jun 15	52440.778	19958	6 7	0.6	33	
	
171	NGC7320	1	19955	789	2000 Jul 9	51734.732	19955	6 7	0.6	35	
	
172	NGC1386	1	19887	4076	2003 Nov 19	52962.848	19887	6 7	0.7	32	
	
173	NGC3396	1	19734	2042	2001 Apr 28	52027.118	19734	6 7	1	39	
	NGC3395										
	
174	NGC7727	1	19254	2045	2001 Dec 18	52261.093	19254	6 7	0.6	40	
	
175	NGC5832	1	18684	3105	2002 Jan 28	52302.002	18684	7	0.7	1	
	
176	NGC4564	1	18349	4008	2003 Nov 21	52964.811	18349	7	2	14	
	
177	NGC3665	1	18190	3222	2001 Nov 3	52216.552	18190	0 1 2 3	0.5	52	
	
178	NGC6278	1	16682	6789	2005 Nov 18	53692.431	16682	7	0.7	3	
	
179	NGC7743	1	15187	6790	2006 Nov 7	54046.362	15187	7	0.8	3	
	
180	NGC4589	1	15185	6785	2006 Aug 31	53978.834	15185	7	0.7	8	
	
181	NGC4026	1	15184	6782	2006 May 31	53886.304	15184	7	0.7	7	
	
182	NGC5322	1	15179	6787	2006 Aug 20	53967.827	15179	7	0.7	4	
	
183	NGC3945	1	15171	6780	2006 Apr 16	53841.203	15171	7	0.8	3	
	
184	NGC524	1	15144	6778	2006 Aug 29	53976.145	15144	7	1	4	
	
185	NGC474	1	15134	7144	2006 Jul 6	53922.245	15134	6 7	0.6	27	
	
186	NGC4036	1	15130	6783	2006 Jul 24	53940.701	15130	7	0.7	8	
	
187	NGC3414	1	15111	6779	2006 Jun 25	53911.869	15111	7	0.8	6	
	
188	NGC4111	1	15101	1578	2001 Apr 3	52002.025	15101	6 7	0.7	21	
	
189	NGC4233	1	15075	6784	2006 Jul 4	53920.757	15075	7	0.9	2	
	
190	NGC5838	1	15042	6788	2006 Jun 14	53900.492	15042	7	0.8	6	
	
191	NGC3998	1	15003	6781	2006 Jul 1	53917.355	15003	7	1	8	
	
192	NGC1371	1	14998	7277	2006 Feb 19	53785.449	14998	6 7	0.6	31	
	
193	NGC5198	1	14968	6786	2006 Jul 10	53926.026	14968	7	0.7	5	
	
194	NGC4234	1	12220	4184	2003 Jul 28	52848.375	12220	0 1 2 3	0.7	24	
	
195	NGC4691	1	10785	4061	2003 Mar 8	52706.546	10785	7	0.7	9	
	
196	PGC35286	1	10631	871	2000 Jan 7	51550.709	10631	6 7	0.2	6	
	
197	NGC1023	1	10372	4696	2004 Feb 27	53062.768	10372	6 7	0.3	30	
	NGC1023A										
	
198	IC2574	1	10166	792	2000 Jan 7	51550.855	10166	6 7	0.3	21	
	
199	NGC1493	1	10156	7145	2006 Jun 17	53903.113	10156	6 7	0.4	28	
	
200	NGC3982	1	10148	4845	2004 Jan 3	53007.310	10148	7	0.4	5	
	
201	NGC3412	1	10090	4693	2005 Feb 6	53407.397	10090	6 7	0.4	19	
	
202	NGC3521	1	10074	4694	2004 Mar 11	53075.429	10074	6 7	0.4	44	
	
203	NGC4459	1	9961	2927	2002 Jun 2	52427.568	9961	6 7	0.4	20	
	
204	NGC2798	1	9961	8457	2006 Nov 4	54043.256	9961	6 7	0.4	22	
	
205	NGC3245A	1	9756	2926	2002 Jan 29	52303.586	9756	6 7	0.3	22	
	NGC3245										
	
206	NGC5426	1	9740	4847	2004 Mar 26	53090.250	9740	7	0.4	10	
	NGC5427										
	
207	NGC4596	1	9331	2928	2002 Jul 14	52469.041	9331	6 7	0.3	27	
	
208	PGC71926	1	9312	3248	2002 Jul 8	52463.448	9312	0 1 2 3	0.3	30	
	
209	NGC4701	1	9155	7148	2006 Apr 25	53850.980	9155	6 7	0.4	22	
	
210	NGC3640	1	9154	7142	2006 Jan 29	53764.330	9154	6 7	0.3	19	
	NGC3641										
	
211	NGC7457	1	9107	4697	2003 Nov 18	52961.714	9107	6 7	0.3	20	
	
212	NGC3078	1	8179	5902	2005 Feb 2	53403.937	8179	0 1 2 3	0.3	35	
	
213	NGC2552	1	7951	7146	2006 Jun 4	53890.361	7951	6 7	0.3	18	
	
214	NGC5643	1	7943	5636	2004 Dec 26	53365.280	7943	6 7	0.05	12	
	
215	NGC4531	1	6793	2107	2001 Aug 7	52128.817	6793	6 7	0.3	16	
	
216	NGC5068	1	6755	7149	2006 Mar 17	53811.909	6755	6 7	0.3	8	
	
217	NGC4138	1	6130	3994	2003 Mar 16	52714.957	6130	7	0.3	2	
	
218	NGC4762	1	5858	3998	2003 May 17	52776.791	5858	7	0.2	4	
	
219	NGC1073	1	5811	4686	2004 Feb 9	53044.345	5811	6 7	0.2	21	
	
220	NGC3718	1	5415	3993	2003 Feb 8	52678.076	5415	7	0.2	4	
	
221	NGC5585	1	5382	7150	2006 Aug 28	53975.233	5382	6 7	0.2	15	
	
222	IC3019	1	5353	8072	2007 Apr 13	54203.090	5353	6 7	0.2	6	
	
223	NGC4623	1	5350	8062	2007 May 11	54231.369	5350	6 7	0.2	14	
	
224	IC3773	1	5350	8070	2007 Apr 28	54218.197	5350	6 7	0.2	12	
	
225	PGC23324	1	5336	1564	2001 Nov 2	52215.269	5336	6 7	0.1	4	
	
226	NGC988	1	5334	3552	2003 Aug 3	52854.123	5334	6 7	0.1	13	
	
227	NGC4216	1	5273	3996	2004 Aug 5	53222.264	5273	7	0.2	8	
	
228	NGC3125	1	5219	4012	2003 Feb 16	52686.011	5219	6 7	0.2	9	
	
229	NGC4772	1	5194	3999	2003 Feb 14	52684.079	5194	7	0.2	2	
	
230	NGC3065	1	5171	7054	2006 Jun 13	53899.083	5171	6 7	0.2	11	
	NGC3066										
	
231	NGC4612	1	5158	8051	2007 Apr 16	54206.047	5158	6 7	0.2	18	
	
232	NGC4578	1	5158	8048	2007 Apr 28	54218.829	5158	6 7	0.2	15	
	
233	NGC4570	1	5158	8041	2007 Apr 28	54218.969	5158	6 7	0.2	16	
	
234	NGC4464	1	5158	8127	2007 Apr 28	54218.344	5158	6 7	0.3	11	
	
235	IC3647	1	5155	8130	2007 Apr 28	54218.273	5155	6 7	0.2	7	
	
236	NGC4168	1	5136	3995	2003 Jul 31	52851.680	5136	7	0.4	4	
	
237	NGC1012	1	5119	7133	2005 Nov 25	53699.853	5119	6 7	0.2	8	
	
238	NGC7463	1	5059	4025	2003 Jul 29	52849.592	5059	6 7	0.9	6	
	NGC7464										
	NGC7465										
	
239	NGC4754	1	5036	8038	2007 Feb 19	54150.800	5036	6 7	0.4	14	
	
240	NGC4750	1	4995	4020	2003 Aug 27	52878.646	4995	6 7	0.2	18	
	
241	NGC3610	1	4990	7141	2006 Jun 3	53889.109	4990	6 7	0.2	8	
	
242	NGC4102	1	4966	4014	2003 Apr 30	52759.810	4966	6 7	0.2	15	
	
243	NGC5005	1	4963	4021	2003 Aug 19	52870.900	4963	6 7	0.1	17	
	
244	NGC4713	1	4963	4019	2003 Jan 28	52667.035	4963	6 7	0.2	12	
	
245	NGC4654	1	4959	3325	2002 May 3	52397.209	4959	6 7	0.2	16	
	
246	NGC4527	1	4959	4017	2003 Mar 9	52707.966	4959	6 7	0.1	19	
	
247	NGC4340	1	4959	4015	2004 Feb 28	53063.725	4959	6 7	0.2	13	
	NGC4350										
	
248	IC396	1	4931	7134	2005 Nov 29	53703.307	4931	6 7	0.2	7	
	
249	PGC44014	1	4793	7132	2005 Nov 29	53703.689	4793	6 7	0.2	9	
	
250	NGC5678	1	4793	4022	2003 Jul 28	52848.659	4793	6 7	0.1	12	
	
251	NGC3445	1	4755	1686	2001 Jul 5	52095.789	4755	0 1 2 3	0.1	12	
	
252	NGC4343	1	4703	7129	2006 Jul 16	53932.849	4703	6 7	0.2	4	
	
253	NGC5350	1	4550	5903	2005 Apr 10	53470.860	4550	0 1 2 3	0.2	17	
	NGC5353										
	NGC5354										
	NGC5355										
	NGC5358										
	
254	NGC7013	1	4435	7130	2006 Jan 29	53764.822	4435	6 7	0.3	9	
	
255	NGC3495	1	4108	7126	2006 Jul 9	53925.959	4108	6 7	0.2	9	
	
256	NGC14	1	4076	7127	2006 May 14	53869.758	4076	6 7	0.2	10	
	
257	NGC4450	1	3697	3997	2003 Apr 30	52759.936	3697	7	1	3	
	
258	NGC7741	1	3587	7124	2006 Feb 8	53774.429	3587	6 7	0.1	6	
	
259	NGC6690	1	3519	7123	2006 May 23	53878.548	3519	6 7	0.1	10	
	
260	NGC4561	1	3510	7125	2006 Mar 15	53809.122	3510	6 7	0.1	13	
	
261	IC1473	1	3366	7121	2006 Oct 9	54017.091	3366	6 7	0.1	4	
	
262	NGC1036	1	3183	7119	2005 Dec 6	53710.883	3183	6 7	0.1	8	
	
263	NGC4385	1	3180	6877	2006 Jun 25	53911.529	3180	7	0.2	1	
	
264	NGC5949	1	3049	7120	2006 Jun 11	53897.813	3049	6 7	0.1	10	
	
265	NGC4548	1	3027	1620	2001 Mar 24	51992.119	3027	7	0.1	2	
	
266	NGC5033	1	2968	412	2000 Apr 28	51662.596	2968	6 7	0.09	9	
	
267	NGC1507	1	2828	7115	2006 Jul 30	53946.962	2828	6 7	0.1	10	
	
268	NGC4143	1	2772	1617	2001 Mar 26	51994.884	2772	7	0.1	2	
	
269	PGC63552	1	2771	7118	2006 May 28	53883.498	2771	6 7	0.1	6	
	
270	NGC4760	1	2749	5894	2005 Mar 2	53431.254	2749	0 1 2 3	0.1	15	
	
271	NGC949	1	2732	7113	2005 Dec 4	53708.117	2732	6 7	0.1	3	
	
272	NGC1003	1	2703	7116	2005 Nov 23	53697.373	2703	6 7	0.1	6	
	
273	NGC4670	1	2665	7117	2006 Mar 5	53799.220	2665	6 7	0.1	7	
	
274	NGC3600	1	2604	7114	2006 Jan 25	53760.301	2604	6 7	0.09	5	
	
275	NGC2500	1	2601	7112	2005 Dec 18	53722.026	2601	6 7	0.09	9	
	
276	NGC2986	1	2473	5901	2005 Jan 29	53399.539	2473	6 7	0.09	14	
	
277	NGC3227	1	2456	1616	2001 Mar 23	51991.457	2456	7	0.1	3	
	NGC3226										
	
278	NGC4310	1	2444	7109	2006 Apr 8	53833.524	2444	6 7	0.1	9	
	
279	NGC925	1	2271	7104	2005 Nov 23	53697.329	2271	6 7	0.08	10	
	
280	NGC4245	1	2214	7107	2006 Apr 5	53830.906	2214	6 7	0.2	7	
	
281	NGC4062	1	2211	7106	2006 Mar 5	53799.177	2211	6 7	0.1	5	
	
282	NGC959	1	2204	7111	2005 Dec 4	53708.163	2204	6 7	0.08	6	
	
283	NGC7049	1	2176	5895	2005 Jul 9	53560.736	2176	0 1 2 3	0.07	5	
	PGC66526										
	
284	NGC4491	1	2175	7089	2006 Jul 28	53944.385	2175	6 7	0.1	4	
	
285	NGC3169	1	2153	1614	2001 May 2	52031.748	2153	7	0.1	3	
	
286	NGC6500	1	2131	416	2000 Aug 1	51757.238	2131	6 7	0.07	5	
	
287	NGC4550	1	2078	1621	2001 Mar 24	51992.163	2078	7	0.09	3	
	
288	NGC4448	1	2015	7110	2006 Apr 8	53833.567	2015	6 7	0.08	6	
	
289	NGC4204	1	2009	7092	2006 Apr 2	53827.592	2009	6 7	0.08	6	
	
290	NGC4312	1	1961	7083	2005 Nov 7	53681.438	1961	6 7	0.07	7	
	
291	NGC1156	1	1955	7088	2006 Oct 3	54011.476	1955	6 7	0.09	4	
	
292	NGC2541	1	1952	1635	2000 Oct 26	51843.139	1952	6 7	0.07	4	
	
293	NGC7640	1	1951	7101	2006 May 9	53864.699	1951	6 7	0.07	4	
	
294	NGC3593	1	1951	7084	2006 Jun 29	53915.178	1951	6 7	0.08	1	
	
295	NGC3432	1	1951	7091	2006 Jun 25	53911.420	1951	6 7	0.08	3	
	
296	NGC3239	1	1951	7094	2006 May 21	53876.755	1951	6 7	0.09	11	
	
297	NGC2337	1	1951	7096	2006 Oct 22	54030.064	1951	6 7	0.2	3	
	
298	NGC4274	1	1929	7108	2006 Apr 5	53830.946	1929	6 7	0.1	7	
	
299	NGC4826	1	1824	411	2000 Mar 27	51630.699	1824	6 7	0.06	9	
	
300	NGC3486	1	1779	393	1999 Nov 3	51485.270	1779	6 7	0.07	4	
	
301	NGC4203	1	1776	397	1999 Nov 4	51486.521	1776	6 7	0.05	8	
	
302	NGC3627	1	1776	394	1999 Nov 3	51485.381	1776	6 7	0.08	12	
	
303	NGC3489	1	1776	392	1999 Nov 3	51485.346	1776	6 7	0.07	5	
	
304	NGC3675	1	1772	396	1999 Nov 3	51485.230	1772	6 7	0.08	4	
	
305	NGC4414	1	1760	1639	2000 Oct 29	51846.712	1760	6 7	0.05	11	
	
306	NGC4150	1	1760	1638	2000 Oct 29	51846.746	1760	6 7	0.06	10	
	
307	NGC2683	1	1760	1636	2000 Oct 26	51843.308	1760	6 7	0.05	8	
	
308	NGC4625	1	1759	7098	2006 Feb 8	53774.775	1759	6 7	0.07	5	
	
309	NGC4020	1	1759	7093	2006 Apr 8	53833.602	1759	6 7	0.09	1	
	
310	NGC855	1	1756	7095	2006 Oct 3	54011.517	1756	6 7	0.07	2	
	
311	NGC5474	1	1756	7086	2006 Sep 10	53988.417	1756	6 7	0.07	10	
	
312	NGC3985	1	1756	7099	2006 Feb 8	53774.811	1756	6 7	0.07	7	
	
313	NGC3623	1	1756	1637	2000 Nov 3	51851.310	1756	6 7	0.05	8	
	
314	NGC3413	1	1756	7102	2006 Jun 25	53911.461	1756	6 7	0.07	2	
	
315	NGC3344	1	1756	7087	2006 Jan 25	53760.350	1756	6 7	0.07	6	
	
316	NGC5273	1	1753	415	2000 Sep 3	51790.700	1753	6 7	0.04	4	
	
317	NGC4207	1	1753	7100	2006 Jul 28	53944.426	1753	6 7	0.08	2	
	
318	NGC4096	1	1753	7103	2006 Feb 18	53784.689	1753	6 7	0.07	6	
	
319	NGC3274	1	1753	7085	2006 Feb 8	53774.730	1753	6 7	0.06	4	
	
320	NGC4639	1	1463	408	2000 Feb 5	51579.607	1463	6 7	0.04	4	

Note.
a The average background for the on-axis chip in unit of photons per 100 pixels, computed using 0.1-8 keV photons outside three times of the source regions of detected sources.